1 2.433663 1 1 1 
101 2.433663 4 1 96 
201 2.424876 5 1 183 
301 1.744518 5 1 283 
401 1.801746 5 1 355 
501 1.782236 5 1 497 
601 1.819800 6 1 562 
701 1.849929 6 1 696 
801 1.789263 6 1 680 
901 1.800666 6 1 818 
1001 1.947053 6 1 933 
1101 1.856403 6 1 1032 
1201 1.805162 6 1 1146 
1301 1.830899 7 1 1266 
1401 1.869308 7 1 1335 
1501 1.842372 7 1 1492 
1601 1.821674 7 1 1229 
1701 1.842975 7 1 1672 
1801 1.912604 7 1 1488 
1901 1.862441 7 1 1741 
2001 1.858821 7 1 1989 
2101 1.850214 7 1 2101 
2201 1.842799 7 1 1982 
2301 1.915167 7 1 2285 
2401 1.866347 7 1 2327 
2501 1.864694 7 1 2360 
2601 1.859669 7 1 2389 
2701 1.925250 7 1 2147 
2801 1.929132 8 1 2677 
2901 1.863254 8 1 2894 
3001 1.886704 8 1 2894 
3101 1.861786 7 1 2494 
3201 1.871478 8 1 3044 
3301 1.866071 7 1 2968 
3401 1.843546 7 1 3331 
3501 1.855213 7 1 2762 
3601 1.899583 8 1 3360 
3701 1.892407 7 1 3622 
3801 1.855038 7 1 3399 
3901 1.914253 8 1 3854 
4001 1.885779 8 1 3877 
4101 1.876908 7 1 3999 
4201 1.892073 7 1 3683 
4301 1.902860 8 1 3861 
4401 1.898864 7 1 3250 
4501 1.878249 7 1 4326 
4601 1.880917 8 1 3659 
4701 1.894831 8 1 4468 
4801 1.918767 8 1 4503 
4901 1.886921 8 1 4846 
5001 1.879684 7 1 4127 
5101 1.900588 8 1 4488 
5201 1.880004 8 1 4886 
5301 1.888870 8 1 5123 
5401 1.876319 8 1 4886 
5501 1.869896 8 1 5042 
5601 1.867720 8 1 5556 
5701 1.881810 8 1 5298 
5801 1.870281 8 1 5316 
5901 1.848805 7 1 5670 
6001 1.890485 8 1 5355 
6101 1.861334 8 1 5780 
6201 1.903919 8 1 6176 
6301 1.871893 8 1 5907 
6401 1.864521 8 1 5307 
6501 1.864175 8 1 3998 
6601 1.867020 8 1 6427 
6701 1.895239 8 1 5739 
6801 1.906778 8 1 5801 
6901 1.873439 8 1 6229 
7001 1.870961 8 1 6393 
7101 1.879425 9 1 6910 
7201 1.887849 9 1 7078 
7301 1.884043 8 1 6403 
7401 1.908499 8 1 7011 
7501 1.884415 8 1 7273 
7601 1.905749 8 1 7152 
7701 1.895131 9 1 7602 
7801 1.873067 8 1 5890 
7901 1.898544 8 1 6584 
8001 1.912111 9 1 7358 
8101 1.897346 8 1 6981 
8201 1.907133 8 1 7987 
8301 1.886182 8 1 8244 
8401 1.890775 8 1 7759 
8501 1.922221 9 1 8150 
8601 1.886106 8 1 8402 
8701 1.884795 8 1 7265 
8801 1.891603 8 1 7524 
8901 1.884957 9 1 8820 
9001 1.868192 8 1 6088 
9101 1.923217 9 1 7024 
9201 1.898533 8 1 8842 
9301 1.909902 9 1 7088 
9401 1.868610 8 1 8854 
9501 1.888306 8 1 8655 
9601 1.894344 8 1 9408 
9701 1.894073 8 1 9083 
9801 1.905479 9 1 9269 
9901 1.947924 9 1 9865 
